7 12
8 46
5 54
5 63
8 72
6 93
6 107
5 116
7 123
7 132
5 137
5 143
5 150
6 155
3 156
7 162
4 166
7 172
3 174
7 180
3 182
3 183
5 187
5 193
7 199
3 201
5 205
6 227
6 248
5 252
7 261
5 269
5 274
3 275
3 276
3 277
7 285
7 293
5 299
3 300
3 301
5 307
6 313
7 318
3 320
3 321
5 326
7 332
3 334
7 342
4 345
4 348
7 354
7 361
6 368
4 370
7 376
7 383
3 385
4 388
4 391
4 394
4 397
4 400
7 408
4 411
4 414
7 420
4 424
7 432
4 435
5 441
3 442
3 443
3 444
7 452
7 460
5 466
3 467
3 468
5 474
3 475
3 476
3 477
7 485
7 493
5 499
3 500
3 501
7 509
4 512
7 518
7 525
3 527
6 533
7 538
4 542
7 548
7 555
7 562
7 569
6 576
7 581
6 588
7 593
4 597
4 600
4 603
7 609
4 613
7 619
7 626
4 630
4 633
4 636
4 639
4 642
7 648
7 655
4 659
7 665
7 672
6 679
7 684
7 691
7 698
7 705
7 712
6 719
7 724
6 731
7 736
7 743
7 750
7 757
7 764
6 771
7 776
7 783
7 790
4 794
4 797
4 800
4 803
4 806
4 809
4 812
4 815
4 818
4 821
4 824
4 827
4 830
4 833
4 836
4 839
4 842
4 845
4 848
4 851
4 854
4 857
4 860
4 863
4 866
4 869
4 872
4 875
4 878
4 881
4 884
4 887
4 890
4 893
4 896
4 899
4 902
QI: 903
TP: 177
ME: 515.768362
MC: 5.101695
