7 12
6 58
6 67
10 82
8 96
6 104
10 117
5 118
8 127
8 136
6 140
8 152
5 155
6 160
5 167
6 180
4 183
4 186
8 195
5 194
4 200
8 208
4 210
4 213
6 218
4 221
6 226
6 231
6 236
4 239
6 244
6 249
4 252
5 256
4 259
8 273
8 282
6 288
10 303
4 306
5 310
8 318
4 320
8 329
6 335
6 342
4 345
4 348
5 355
4 364
8 373
4 377
5 381
8 389
4 391
8 400
8 413
6 417
6 422
5 426
5 430
5 437
5 447
4 450
6 457
4 460
4 463
6 470
6 477
6 484
4 487
4 490
4 493
4 496
4 499
8 511
6 515
6 520
5 524
5 528
5 532
5 536
6 541
6 548
4 551
4 554
5 561
4 570
8 582
6 586
4 589
5 593
8 601
4 603
8 612
6 618
8 630
6 634
5 638
4 641
4 644
6 651
4 654
4 657
6 664
6 671
6 678
4 681
4 684
4 687
8 699
6 703
6 708
8 720
6 724
5 728
5 735
5 745
4 748
5 752
6 759
4 762
4 765
6 772
6 779
6 786
4 789
4 792
4 795
4 798
4 801
4 804
4 807
4 810
4 813
4 816
4 819
5 823
5 830
5 840
4 843
5 847
5 851
4 854
4 857
6 864
4 867
4 870
6 877
6 884
6 891
4 894
4 897
4 900
5 904
5 911
5 921
4 924
5 928
6 933
8 945
6 949
5 953
5 960
5 970
4 973
5 977
4 980
4 983
4 986
4 989
4 992
4 995
4 998
4 1001
5 1005
5 1012
5 1022
4 1025
5 1029
5 1033
5 1040
5 1050
4 1053
5 1057
6 1064
4 1067
4 1070
6 1077
6 1084
6 1091
4 1094
4 1097
4 1100
4 1103
4 1106
4 1109
4 1112
4 1115
4 1118
4 1121
4 1124
6 1131
4 1134
4 1137
6 1144
6 1151
6 1158
4 1161
4 1164
4 1167
4 1170
4 1173
4 1176
4 1179
4 1182
4 1185
4 1188
4 1191
6 1198
4 1201
4 1204
6 1211
6 1218
6 1225
4 1228
4 1231
4 1234
5 1238
5 1245
5 1255
4 1258
5 1262
6 1269
4 1272
4 1275
6 1282
6 1289
6 1296
4 1299
4 1302
4 1305
6 1312
4 1315
4 1318
6 1325
6 1332
6 1339
4 1342
4 1345
4 1348
6 1355
4 1358
4 1361
6 1368
6 1375
6 1382
4 1385
4 1388
4 1391
4 1394
4 1397
4 1400
4 1403
4 1406
4 1409
4 1412
4 1415
4 1418
4 1421
4 1424
4 1427
4 1430
4 1433
4 1436
4 1439
4 1442
4 1445
4 1448
4 1451
4 1454
4 1457
4 1460
4 1463
6 1470
4 1473
4 1476
6 1483
6 1490
6 1497
4 1500
4 1503
4 1506
4 1509
4 1512
4 1515
4 1518
4 1521
4 1524
4 1527
4 1530
4 1533
4 1536
4 1539
4 1542
4 1545
4 1548
4 1551
4 1554
4 1557
4 1560
4 1563
4 1566
4 1569
4 1572
4 1575
4 1578
4 1581
4 1584
4 1587
4 1590
4 1593
4 1596
4 1599
4 1602
TP: 325
ME: 916.553846
MC: 4.932308
